25 5 5
5 1000 1000
5 1 1
10 1 9
1000000000000000 1000000000000000 1000000000000000
1000000000000000 999999999999999 999999999999999
689419540 610 159
818175930 892 878
16986420 9666524614 421
629633430 4808135734 812
758489235 355 8837680103
517879535 652 2498991847
543663078620190 449599589697631 826328238070864
654534396715870 547419783741013 92634512127317
79691065543105 679040342440938 243964444677712
629202015481825 292197608465931 771243948988918
353083487426810 646224903504945 738224021590865
915542325199825 838471197235445 509472046942079
186507768223480 333135678016195 468084399670245
210278025001595 76910958154966 625983964744682
552993714406675 194992880398285 304075008670602
791292854249115 877254261297550 311143872450875
17501253096080 637782277904925 270708773512675
559272143251280 994442255733923 845969178249742
348860555962695 971419172235925 738759187708755
572600121463340 948171183048901 924405502592300
806997592928520 335386939743276 516797156513228
623971571146680 91750536868221 665504189668125
390645437581735 437781519932417 896537347597208
704664821125335 804731232362756 626146020991586
646647304204940 3724381913420 593833935019813
535899578340365 290750519822148 977197011686381

