117 22
38 37 47 16 7 24 32 10 35 11 34 34 7 8 25 7 25 35 36 31 47 1
1 1 1 1 1 1 1 0 1 0 1 1 1 1 1 1 1 1 1 1 1 1
1 0 1 1 1 1 0 1 1 1 1 1 1 0 0 1 1 1 1 0 0 1
1 0 0 1 0 0 0 1 1 0 1 1 0 1 1 1 1 1 0 1 1 0
1 1 1 1 1 1 1 1 1 0 1 1 0 1 0 1 1 1 1 0 0 1
1 1 0 1 0 0 0 1 1 0 0 0 1 1 0 0 0 0 0 0 0 0
1 0 0 0 0 0 0 1 0 1 1 0 0 1 0 0 0 1 0 0 0 1
1 1 0 1 1 1 1 1 1 1 1 1 1 0 0 1 1 0 1 1 1 1
0 1 1 0 1 1 1 0 1 0 0 1 1 1 1 0 1 1 1 0 1 0
1 1 1 1 1 1 1 1 1 1 1 1 1 1 1 1 1 0 1 1 1 1
1 1 1 1 1 1 1 1 1 1 1 1 1 1 1 1 1 1 1 1 1 1
1 1 0 0 0 0 1 0 0 0 0 0 0 0 0 0 0 1 0 0 0 0
0 1 1 1 0 1 1 1 1 1 0 0 0 1 1 1 1 0 0 1 0 1
0 1 0 1 0 1 1 1 1 0 1 1 1 0 1 1 1 1 1 1 1 1
1 1 1 1 1 1 1 1 1 1 1 0 0 1 1 1 0 1 1 1 1 0
0 0 0 0 1 0 1 0 0 0 0 0 0 0 0 1 0 0 0 0 0 0
1 1 1 1 1 1 1 1 1 1 1 1 1 1 1 1 0 1 1 1 1 1
0 1 0 1 0 1 0 0 0 0 0 1 1 0 0 0 0 1 1 0 0 0
1 1 1 1 1 1 0 1 1 1 0 0 1 0 0 1 1 1 0 1 1 1
0 0 1 0 1 1 1 1 1 1 0 1 1 0 1 1 0 0 1 0 1 0
0 0 0 1 0 0 0 0 0 0 0 0 0 0 0 0 0 0 0 0 0 0
1 1 1 1 1 1 1 1 1 1 1 0 1 1 1 1 1 0 1 1 1 0
1 1 1 1 1 1 0 1 1 1 1 1 1 1 1 1 1 1 1 1 1 1
0 0 0 0 0 0 0 1 0 0 0 0 0 0 0 1 0 0 0 0 0 0
1 1 1 1 0 1 1 0 1 0 1 1 1 0 1 1 1 0 1 1 1 1
0 1 0 0 1 1 1 1 0 1 1 0 1 0 0 0 1 0 0 1 1 1
1 1 1 1 0 1 1 1 1 1 1 1 1 1 1 1 1 1 1 0 1 1
0 1 0 0 1 0 0 1 1 0 0 0 0 1 1 1 1 0 1 1 1 0
1 0 0 0 0 0 0 0 0 0 0 0 0 0 0 0 0 0 0 0 0 0
1 1 1 1 1 0 1 1 1 0 1 1 1 1 0 0 1 0 1 1 0 1
1 1 1 1 1 1 1 1 1 1 1 1 1 1 1 1 1 1 1 1 1 1
1 1 0 1 0 0 0 1 0 1 1 1 1 1 0 1 0 0 1 0 1 0
0 1 0 0 0 1 1 0 0 0 0 0 0 0 0 0 0 0 0 0 0 0
1 1 0 0 1 1 1 0 0 0 1 1 1 0 0 0 1 0 1 1 0 1
1 1 1 1 0 1 1 1 1 1 1 1 1 1 1 1 1 0 1 1 1 0
0 1 1 0 0 1 0 0 0 0 0 0 0 0 0 0 0 1 1 1 0 1
0 0 1 0 1 0 0 0 0 0 0 0 0 0 0 0 0 0 0 0 0 0
1 1 1 1 0 1 0 0 0 0 0 1 0 0 1 1 0 0 0 0 1 0
1 1 1 0 1 1 0 1 1 1 1 1 1 1 1 1 0 1 1 1 1 1
1 1 1 0 1 0 1 0 1 1 0 0 0 0 0 0 1 0 1 1 1 0
1 0 1 1 0 0 0 0 0 1 1 0 0 1 0 0 0 0 1 0 1 1
0 0 0 0 0 0 0 0 0 1 0 0 0 0 0 0 0 0 0 0 0 1
0 0 0 0 0 0 0 0 1 0 0 0 0 0 0 0 0 0 1 0 0 0
0 1 1 1 0 1 1 0 1 1 1 0 0 1 1 1 0 0 0 1 1 0
1 0 0 0 1 0 1 0 0 1 0 1 0 0 0 0 0 0 0 0 0 0
1 0 1 0 1 1 1 0 0 1 0 0 1 0 1 0 1 0 1 0 0 0
1 1 1 0 1 1 0 1 1 1 0 1 0 1 1 1 1 0 1 1 0 1
1 1 1 1 1 1 1 1 1 1 1 1 1 1 1 1 1 1 1 1 1 1
1 0 1 1 1 0 1 1 1 1 1 1 1 1 1 1 0 0 1 0 0 0
1 1 0 1 1 0 0 0 0 1 1 1 1 1 1 0 1 1 1 1 1 0
0 0 0 0 1 1 0 0 0 0 0 0 0 0 0 0 0 0 0 0 0 0
1 0 0 0 1 1 1 1 0 1 0 0 1 1 1 1 1 1 1 0 1 0
1 1 1 1 1 1 1 1 1 1 0 0 1 0 1 0 1 1 1 1 1 1
0 1 0 1 1 0 0 1 1 0 0 1 1 1 0 1 1 1 1 1 1 1
0 1 0 0 0 1 0 0 0 0 0 1 0 0 0 0 1 0 0 0 0 0
1 1 1 1 0 0 1 1 1 1 1 1 1 1 0 1 1 1 1 1 1 1
0 0 0 1 0 0 0 0 0 0 0 0 0 0 0 1 0 1 0 0 0 0
0 1 0 0 1 0 0 0 0 0 0 0 0 0 0 0 0 0 0 0 1 0
1 0 1 0 1 1 1 1 1 1 1 1 1 0 1 0 0 0 1 1 1 0
0 0 1 1 0 0 1 0 0 0 0 1 0 0 1 1 1 0 0 0 0 0
0 1 0 0 0 0 1 0 0 0 0 1 0 0 1 0 1 0 1 0 1 0
1 1 0 0 1 1 1 1 1 0 1 1 0 1 0 1 1 1 1 0 0 1
0 0 1 1 1 1 1 0 0 1 1 1 1 0 1 1 1 0 1 1 1 1
1 1 0 1 1 1 1 0 1 0 0 0 1 0 1 1 0 0 1 0 1 0
0 0 0 0 0 0 1 0 0 0 0 0 0 0 0 0 0 0 0 0 0 0
0 0 1 0 0 0 0 1 1 0 0 0 1 0 1 0 0 0 0 0 0 0
0 1 1 1 1 1 1 1 1 0 0 1 1 1 1 1 1 0 1 0 1 1
1 1 1 1 1 1 1 1 1 1 1 1 1 1 1 0 0 1 1 0 1 1
1 0 0 1 0 0 0 0 1 0 0 0 0 0 0 0 0 0 0 0 0 0
0 0 1 1 0 0 0 0 0 0 0 0 1 0 0 0 0 0 0 0 0 1
0 0 1 1 1 0 1 0 1 0 1 0 0 0 0 1 1 1 1 1 1 1
1 0 0 1 1 0 1 0 0 0 0 0 1 0 0 0 1 1 0 0 0 0
0 1 1 1 1 1 1 1 1 1 1 1 1 0 1 1 1 1 1 1 1 1
0 0 0 1 0 1 0 1 0 1 1 0 1 1 1 1 1 1 1 0 0 0
0 1 0 1 1 0 0 1 1 0 1 1 0 0 0 1 0 0 0 0 0 0
0 1 0 0 0 0 1 0 0 1 1 0 1 0 1 0 0 1 0 1 1 1
1 1 1 1 1 1 1 1 1 1 1 1 1 1 1 1 1 1 1 1 1 1
0 0 0 0 0 0 0 0 0 1 0 0 1 0 0 0 0 0 1 0 0 0
1 1 1 1 1 1 1 1 1 1 1 1 1 1 1 1 1 1 1 1 1 1
1 1 1 1 1 0 1 1 1 1 1 1 0 1 1 1 1 1 1 1 1 1
1 1 1 1 1 1 1 1 1 1 0 0 1 0 1 0 0 1 0 1 1 1
0 0 0 0 0 1 0 0 0 0 1 0 1 1 0 1 0 1 0 0 1 0
0 0 0 0 0 1 0 0 0 0 0 0 0 0 0 0 0 0 0 0 0 1
0 0 1 0 0 0 0 0 0 0 0 1 0 0 0 0 0 0 0 0 0 1
1 0 1 0 1 0 1 1 1 1 0 0 1 1 1 1 1 0 0 1 1 1
0 0 0 0 0 0 0 1 0 0 0 0 0 0 0 0 0 0 0 0 0 0
0 0 0 1 0 0 0 1 1 1 1 0 0 1 0 1 0 1 1 0 0 0
0 0 1 0 0 1 1 0 1 1 0 0 0 0 0 0 0 0 0 0 1 0
1 1 0 0 1 1 0 0 0 1 0 1 1 0 1 0 1 0 0 0 0 0
0 1 1 0 1 1 1 0 0 1 0 1 0 1 1 0 0 0 0 1 1 1
1 0 1 0 0 1 0 1 1 1 0 0 1 1 0 0 0 1 1 1 1 0
1 0 1 0 1 1 0 1 1 1 1 0 1 0 1 1 0 0 0 0 1 1
1 0 0 0 0 0 0 0 1 1 1 0 1 1 1 0 0 1 1 0 0 1
0 0 0 0 0 0 0 0 0 0 0 0 0 0 0 1 0 0 1 0 0 0
0 0 0 0 1 0 0 1 0 0 0 0 0 1 0 0 0 0 0 0 0 1
0 0 0 0 0 0 0 0 1 0 1 1 0 0 1 1 1 1 1 0 0 1
1 1 1 0 1 1 1 1 1 1 1 1 1 1 1 1 0 1 1 1 1 0
0 0 0 0 0 0 0 1 0 0 1 1 0 0 0 0 0 0 0 0 0 0
1 1 0 0 0 0 1 0 0 0 0 1 1 1 1 1 0 1 1 1 0 0
0 1 0 0 1 0 0 0 0 1 0 0 0 0 0 0 1 1 1 1 0 1
0 1 1 1 1 1 1 1 1 1 0 1 1 1 1 1 1 1 0 1 1 0
0 0 0 0 0 0 0 0 0 0 0 1 0 0 0 0 0 0 0 0 0 0
0 0 0 0 0 0 0 0 0 0 0 0 1 0 0 0 0 0 0 0 0 0
1 1 0 1 1 1 1 1 1 1 1 1 0 1 1 0 1 1 0 1 0 1
0 1 1 1 0 1 0 1 1 1 0 0 1 1 1 1 1 1 1 0 1 0
1 1 1 1 1 1 1 1 1 1 1 1 1 1 1 1 1 1 1 1 1 1
0 0 1 0 0 0 0 1 0 1 0 0 0 0 1 1 0 0 0 1 1 0
0 1 1 0 0 0 0 0 0 1 0 0 0 1 1 0 0 0 0 1 0 1
0 1 0 1 1 1 1 1 1 1 1 1 1 0 1 1 0 1 1 1 0 1
1 0 1 1 1 1 1 1 1 1 0 1 1 1 1 0 1 0 1 1 1 1
0 1 0 0 0 0 0 0 0 0 1 0 0 1 0 0 1 0 1 1 0 0
0 0 0 0 0 0 0 0 0 0 0 0 0 0 0 0 0 1 0 1 0 0
1 0 0 1 0 0 0 0 0 1 1 0 0 1 0 1 0 1 1 0 1 1
0 1 0 0 0 1 0 0 0 0 0 0 1 0 0 0 0 0 0 0 0 0
1 1 0 0 1 0 0 0 0 0 1 0 0 0 1 0 0 0 0 1 1 0
1 1 0 0 1 1 0 1 0 0 1 1 0 1 1 1 0 1 0 1 1 1
0 1 1 1 1 1 0 0 1 0 1 1 1 1 0 1 0 1 1 1 1 1
1 0 1 1 1 1 1 1 0 0 1 0 1 1 1 1 0 0 1 0 0 1
