182 64
23 49 40 12 47 35 41 7 38 33 2 10 2 39 32 12 37 24 0 8 43 19 20 22 15 32 40 26 0 31 9 0 11 15 15 30 28 33 37 7 10 12 31 49 29 41 41 23 20 30 12 41 1 27 49 36 11 6 8 24 23 24 36 21
0 0 0 0 0 1 1 1 1 0 1 1 0 1 1 0 0 1 0 0 0 0 0 0 0 0 0 0 1 1 0 1 1 0 1 1 0 0 0 0 0 0 1 0 0 0 1 0 0 0 0 1 0 0 0 1 0 0 0 0 0 0 0 0
0 0 0 1 1 1 1 1 1 0 0 1 1 0 1 0 0 0 1 1 0 1 1 0 1 1 1 1 1 1 1 1 0 0 0 0 1 1 1 1 1 0 1 0 1 0 1 1 1 1 1 1 1 0 1 1 1 1 0 1 1 1 0 0
0 0 0 0 0 0 0 0 0 0 0 0 0 1 0 0 0 0 0 0 0 0 1 0 0 0 0 0 0 0 0 0 0 0 0 0 0 0 0 0 0 1 0 0 0 0 0 0 0 0 0 0 0 0 0 0 0 0 0 0 0 0 1 0
0 0 0 0 0 1 0 1 1 0 1 0 0 1 1 1 0 0 1 0 1 0 0 1 0 0 1 1 0 0 0 1 0 0 0 1 0 0 1 0 0 0 0 1 0 0 0 0 1 0 0 0 0 1 0 0 0 0 0 1 0 0 0 1
1 1 1 0 1 0 0 1 1 0 1 0 0 0 1 1 0 0 1 1 0 1 0 1 1 0 0 1 0 1 0 1 0 0 1 1 1 1 0 1 0 1 1 0 1 0 0 1 1 0 1 1 0 0 1 1 1 1 0 0 0 1 0 1
1 0 0 1 0 1 0 1 1 0 0 1 0 1 0 1 1 1 1 0 0 1 0 1 0 0 0 0 0 0 1 0 1 1 1 0 0 1 0 0 0 1 0 1 0 1 0 0 1 0 0 1 1 0 1 1 0 0 1 1 1 0 1 0
1 0 0 0 0 0 0 1 1 0 0 0 0 0 0 1 1 0 0 0 0 1 0 1 1 0 0 1 1 0 0 0 0 0 1 0 0 0 0 0 1 0 0 1 1 0 0 0 0 0 1 1 0 0 1 0 1 1 1 0 0 0 1 1
1 1 1 1 1 1 1 1 1 1 1 1 1 1 0 1 1 1 0 1 1 1 1 1 1 1 1 1 1 0 1 0 1 1 1 1 1 1 1 0 1 1 1 1 1 1 0 1 1 0 1 1 1 1 1 1 1 0 1 1 0 1 1 1
0 1 0 0 0 0 1 0 1 1 0 1 0 0 0 0 0 0 0 0 0 1 0 0 0 0 0 0 0 1 1 0 0 0 0 0 0 0 0 0 0 1 1 1 1 0 0 1 0 0 0 0 0 1 1 1 0 0 0 0 0 1 0 0
0 0 0 0 0 0 0 0 0 0 0 0 0 0 0 0 0 0 0 0 0 0 0 0 0 0 0 0 0 0 0 0 0 0 1 0 0 1 0 1 0 0 0 0 0 0 0 0 0 0 0 0 0 0 1 0 0 1 0 0 0 0 0 0
1 1 0 1 1 0 1 1 1 1 0 0 0 1 1 1 1 1 1 1 0 0 1 0 1 1 1 1 1 1 1 1 1 0 1 1 1 1 1 1 1 1 1 1 1 0 1 1 1 1 1 1 0 1 0 1 0 0 1 0 1 1 1 1
1 1 1 0 1 1 1 1 1 1 0 0 0 1 0 0 1 0 1 0 1 1 0 0 1 0 0 1 1 1 1 0 1 0 1 0 1 1 1 0 0 1 0 0 1 1 0 1 1 1 0 1 1 1 0 0 1 1 1 0 1 0 1 0
1 0 0 0 1 1 1 0 0 1 0 0 0 0 0 0 1 1 0 1 0 0 1 0 0 0 0 0 1 0 0 0 1 0 0 0 0 0 1 1 1 0 0 0 0 0 1 0 1 0 0 0 1 1 0 0 0 1 0 0 0 0 0 0
0 0 0 0 0 0 0 0 0 0 0 0 0 0 0 0 0 0 0 0 0 0 0 0 0 0 0 0 0 0 0 0 0 0 0 0 0 0 0 0 0 0 0 0 0 0 0 0 0 0 0 0 0 0 0 0 0 0 0 1 0 0 0 0
0 0 0 0 0 0 0 0 0 0 1 0 0 0 0 0 0 1 0 0 0 0 0 0 0 0 1 0 0 0 0 0 0 1 0 0 0 0 0 0 0 0 0 0 0 0 0 1 0 0 0 0 0 0 0 0 0 0 0 0 0 0 0 1
1 1 1 1 1 1 1 1 1 1 0 1 1 1 1 1 1 1 1 1 1 1 1 0 1 1 1 1 1 1 1 0 1 1 1 1 1 1 1 1 1 1 1 1 1 1 1 1 1 1 1 1 1 1 1 1 1 1 1 1 1 1 1 1
0 1 1 0 0 0 0 0 1 1 1 0 1 0 0 1 0 0 0 1 1 0 0 0 0 1 0 0 1 0 0 0 1 0 0 1 1 1 0 0 1 0 1 1 1 0 0 1 1 0 1 0 0 0 1 0 0 1 1 1 0 0 1 0
1 0 0 0 0 0 0 0 0 0 0 0 1 0 0 0 0 1 0 0 0 0 0 0 0 0 0 0 0 0 0 0 0 0 0 0 0 0 0 0 0 0 0 0 0 0 0 1 0 0 0 0 1 0 0 0 0 0 0 0 0 0 0 0
0 0 0 0 0 0 0 0 1 0 0 0 0 0 0 0 0 0 0 0 0 0 0 0 0 0 0 0 0 0 0 0 0 0 0 0 0 0 0 0 0 0 0 0 0 0 0 1 0 0 0 0 0 0 0 0 0 0 0 0 0 0 0 0
0 0 0 0 0 0 0 0 1 0 0 0 0 0 0 0 0 0 0 0 0 0 1 0 0 0 0 0 0 0 0 0 0 0 0 0 1 0 0 1 0 0 0 0 1 0 0 0 0 0 0 0 0 0 0 0 0 0 0 0 0 0 0 0
0 0 0 0 0 1 1 1 1 0 0 1 0 1 1 1 0 0 1 0 1 0 0 0 1 1 1 0 1 1 0 0 1 1 0 0 0 0 1 1 1 0 1 1 0 0 0 0 0 1 1 0 0 1 0 0 0 1 0 1 0 1 1 0
0 1 0 1 0 1 0 0 0 0 1 0 0 0 0 1 1 0 0 0 0 1 0 0 0 0 0 0 0 0 0 0 0 0 0 0 0 1 0 0 0 0 0 0 0 0 0 0 0 0 1 0 0 0 0 0 0 0 1 0 0 0 0 0
1 0 0 0 0 0 0 0 0 0 0 0 0 1 1 0 0 0 0 1 0 0 0 0 0 0 0 1 1 0 0 0 0 0 1 0 0 0 0 1 0 0 0 1 0 0 0 0 0 0 0 0 0 0 0 0 0 1 0 0 0 1 0 0
0 0 0 1 0 0 0 0 0 0 0 0 1 0 1 1 0 1 0 0 0 1 0 1 0 0 0 1 0 0 0 1 0 0 0 0 0 1 0 0 0 0 0 0 1 1 0 1 1 1 0 0 0 0 0 0 0 0 0 0 1 0 0 0
1 1 1 0 1 0 1 0 1 0 0 0 0 0 0 1 0 0 0 0 1 0 0 0 1 0 1 1 1 0 1 0 1 0 0 0 1 0 0 1 0 0 0 0 1 1 0 0 1 0 1 0 1 0 0 1 1 1 1 1 0 0 0 1
0 0 1 1 0 1 0 1 0 1 1 1 1 1 1 0 0 1 1 1 0 1 1 0 1 1 0 1 1 0 1 1 1 0 1 0 1 1 0 1 1 1 1 0 1 1 1 1 0 0 1 1 0 1 1 1 0 1 1 0 0 1 1 1
0 0 1 0 0 0 0 0 0 0 0 1 0 0 0 0 0 0 0 0 0 0 0 0 0 0 0 0 0 0 0 0 0 0 0 0 0 0 0 0 0 0 0 0 0 0 0 0 0 0 0 0 0 1 0 0 0 0 0 0 1 0 1 0
1 0 0 0 1 1 1 0 0 1 1 1 0 0 0 0 1 1 0 1 0 1 0 1 1 0 1 0 1 0 0 0 1 1 1 1 0 1 0 0 1 0 1 1 1 0 0 0 1 0 0 1 1 0 1 1 1 1 0 0 1 0 0 1
1 1 0 1 1 1 1 1 1 1 1 1 1 1 1 1 1 1 1 1 1 1 1 1 1 1 1 1 1 1 1 0 1 1 1 1 1 1 1 1 1 1 1 1 1 1 1 1 1 1 1 1 1 1 1 1 1 1 1 1 1 1 1 1
0 1 0 0 0 0 0 0 0 0 0 0 0 1 1 0 1 0 0 0 0 0 1 0 0 0 0 0 0 0 0 0 0 0 0 0 0 0 0 1 0 0 0 0 0 0 1 0 0 0 0 0 1 0 0 1 0 0 0 1 0 0 0 0
1 1 1 1 1 1 1 1 1 1 1 1 0 1 1 1 1 1 1 1 1 0 1 1 1 1 0 1 1 1 1 1 0 1 0 1 1 1 1 1 1 1 1 1 1 1 1 1 1 1 1 1 1 1 1 1 1 1 1 1 1 0 1 1
1 1 0 1 1 1 1 1 1 1 1 1 1 1 1 1 1 1 1 1 1 1 1 1 1 1 1 1 1 1 1 1 1 1 1 0 0 1 1 1 0 1 1 1 0 1 1 1 1 1 1 0 1 1 1 1 1 1 1 1 1 1 1 1
1 0 1 1 0 1 1 0 0 0 0 0 1 1 0 0 1 0 1 0 0 0 0 1 0 0 0 0 1 0 0 1 1 1 0 0 0 0 0 1 0 0 0 1 1 0 0 1 0 0 1 1 0 0 1 0 1 1 1 0 0 1 0 1
1 0 0 1 0 1 1 0 0 1 1 1 0 1 1 1 0 0 1 1 0 0 0 0 0 1 0 1 1 1 0 0 0 1 1 1 1 1 0 0 0 1 0 1 1 0 0 1 1 0 1 1 0 1 1 0 1 1 1 0 1 0 1 1
1 1 0 1 1 1 1 1 1 1 1 1 0 1 1 1 1 0 0 1 1 1 0 0 1 1 1 0 1 0 1 1 1 0 0 0 1 0 1 1 1 1 0 1 1 1 1 0 1 1 1 0 1 1 0 1 0 1 1 0 1 1 1 0
1 1 1 1 0 0 0 0 1 1 0 0 1 0 0 0 0 0 1 0 1 0 0 0 1 0 1 1 0 1 1 0 1 0 1 1 0 0 0 0 0 1 0 0 1 0 0 1 1 1 0 1 0 1 1 1 0 0 0 0 1 1 0 0
1 0 1 0 0 1 0 0 0 1 0 0 0 1 0 1 1 0 1 0 0 0 0 1 1 0 0 0 1 0 0 0 0 1 0 0 0 0 0 1 1 0 1 0 1 1 1 1 0 0 1 0 0 0 0 1 1 0 1 1 1 1 0 0
1 0 1 1 1 1 1 1 1 1 0 1 1 1 1 0 1 1 0 1 1 1 1 1 1 1 1 1 1 0 1 1 1 1 1 1 1 1 1 0 1 0 1 1 1 0 1 1 1 1 1 1 1 1 1 1 1 1 1 1 1 1 1 1
1 1 1 1 1 1 1 1 1 1 1 1 1 1 1 1 1 1 1 1 1 1 1 1 1 1 1 1 1 1 1 1 1 1 1 1 1 1 1 1 1 1 1 0 1 1 1 1 1 1 1 1 1 1 1 1 1 1 1 1 1 1 1 1
0 0 0 0 0 0 0 0 0 0 0 0 0 0 0 0 1 0 0 0 0 0 0 0 0 0 0 1 0 0 0 0 0 0 0 0 0 0 0 0 0 0 0 0 0 0 0 0 0 0 0 0 0 0 0 0 0 0 0 0 0 0 0 0
1 1 1 1 0 1 0 0 0 0 1 1 1 1 1 0 1 0 0 1 0 1 1 1 1 0 1 0 1 1 1 1 0 0 1 1 1 1 0 1 1 1 1 0 1 1 0 1 0 0 1 1 1 1 1 0 1 1 0 0 1 0 0 0
0 1 0 0 0 0 0 0 0 1 1 1 0 0 0 1 0 0 0 0 0 1 1 0 1 0 0 1 1 0 0 0 0 0 0 0 0 0 0 0 0 1 0 0 0 1 1 1 0 0 1 1 0 0 0 1 1 0 0 0 0 0 0 1
1 0 0 1 1 1 0 0 1 1 1 0 0 0 1 0 1 1 1 1 0 1 1 0 1 0 1 1 1 1 0 1 0 1 1 0 1 1 0 1 1 0 0 1 1 0 0 0 0 1 0 1 1 0 1 1 1 0 0 1 1 1 0 0
0 0 0 0 1 0 1 1 0 0 0 0 1 1 0 1 1 1 1 1 0 0 0 0 1 1 0 0 0 0 1 1 0 0 0 0 0 1 1 1 0 1 0 0 0 0 1 0 1 0 0 1 1 1 0 1 0 0 1 1 0 0 1 1
1 0 1 0 0 1 0 0 1 0 0 1 1 1 1 1 0 1 0 0 0 0 0 0 0 1 0 0 0 0 1 1 1 1 0 0 0 0 1 0 0 0 1 0 0 0 0 0 1 0 0 0 0 1 0 1 0 0 0 0 0 0 0 0
1 1 1 0 1 1 1 1 1 1 1 0 1 1 1 0 1 1 0 1 0 0 1 1 1 1 1 1 0 1 1 1 0 0 1 1 1 0 1 1 1 1 0 1 0 1 0 1 1 1 0 1 1 1 1 1 0 1 1 1 0 0 1 1
0 1 0 1 0 1 1 0 0 0 1 0 1 1 1 0 0 0 1 1 1 0 1 1 1 1 0 1 1 0 0 1 0 0 1 1 0 0 1 1 1 0 0 1 0 1 1 1 0 1 0 1 1 1 0 0 0 0 1 1 1 1 1 1
1 1 0 1 1 1 0 1 1 0 1 1 0 0 1 0 1 0 0 1 1 1 1 1 1 1 0 0 1 1 1 1 1 1 0 1 0 1 1 0 1 0 0 0 1 1 0 0 1 1 0 0 1 0 0 1 0 1 1 1 1 1 1 0
1 1 0 0 1 0 0 1 0 1 1 0 0 0 0 1 0 0 1 0 0 0 1 0 0 1 0 0 1 1 0 1 0 1 0 1 0 1 0 0 0 1 0 0 0 1 0 1 1 0 0 0 1 1 1 0 0 0 0 0 1 0 0 1
1 1 1 1 1 1 1 1 1 1 1 1 1 1 1 1 1 1 1 1 1 0 1 1 1 1 1 1 0 1 1 1 1 1 1 1 1 0 1 1 1 1 1 1 1 1 1 1 1 1 1 1 1 1 1 1 1 1 1 0 1 0 1 1
0 1 0 1 1 0 1 1 1 1 1 1 1 1 0 0 1 1 1 1 0 1 1 1 1 0 0 1 0 1 1 1 1 0 0 1 0 0 1 0 1 1 0 0 0 0 0 0 1 1 1 1 1 1 1 1 1 1 1 1 0 0 1 0
0 0 1 1 0 0 0 0 0 0 1 0 0 0 0 1 1 0 0 0 0 0 0 1 1 1 1 0 0 1 0 0 0 0 0 0 0 1 1 0 0 1 0 1 1 0 1 1 0 0 1 0 0 0 0 1 1 0 0 0 1 1 0 0
1 1 1 1 0 1 1 1 1 1 1 1 1 1 1 1 1 1 1 0 1 1 1 0 0 1 1 1 1 1 1 1 1 0 1 0 1 0 1 1 1 0 1 1 1 0 1 1 1 0 1 1 0 0 1 0 0 0 1 1 0 0 0 0
0 1 0 1 0 0 0 0 1 0 1 0 1 0 0 0 1 1 1 1 0 0 1 1 1 0 1 0 0 1 0 0 0 0 0 1 0 0 1 0 1 1 0 1 1 0 0 1 1 0 1 1 0 0 1 0 0 0 0 0 0 1 1 0
0 0 0 0 0 0 0 0 1 0 1 0 0 1 1 0 0 0 0 1 0 0 0 0 1 1 1 0 0 1 1 0 0 1 0 0 0 0 1 0 0 0 1 0 0 0 0 0 0 0 0 1 0 1 0 0 0 0 0 1 0 0 0 0
1 0 0 1 0 0 1 1 1 1 1 1 1 0 0 1 1 0 0 1 1 0 1 1 1 0 1 1 0 1 1 1 1 1 1 1 0 1 1 1 1 1 1 1 1 1 0 0 1 1 0 1 0 1 0 0 1 1 1 1 0 1 1 1
1 1 0 1 0 0 1 0 0 1 1 0 0 0 0 0 1 1 1 0 0 0 0 0 1 0 0 0 0 0 0 0 0 1 0 1 1 1 0 0 0 0 1 1 0 1 0 0 0 1 0 0 0 0 0 0 0 0 0 0 1 0 0 0
1 0 1 1 0 1 0 1 1 0 1 1 1 1 0 0 0 1 1 1 1 1 1 1 0 0 0 1 1 0 1 1 1 0 1 1 0 1 1 1 1 0 0 1 0 1 1 0 1 1 1 0 1 1 1 1 1 0 1 0 0 0 1 1
1 1 0 1 1 1 1 1 1 0 0 0 0 0 1 1 0 0 0 0 0 1 1 1 1 1 1 1 0 1 1 1 1 1 1 0 0 1 1 1 0 0 1 0 1 0 0 1 1 1 1 1 0 1 0 1 0 0 0 0 0 1 0 0
1 0 1 1 1 0 0 1 1 0 0 1 0 0 0 0 0 1 1 1 0 1 1 1 0 1 1 1 0 1 0 0 0 1 1 0 1 0 1 1 0 1 0 1 1 0 0 1 0 0 0 1 0 1 1 0 1 0 0 1 0 0 0 1
1 1 1 0 1 1 1 1 1 1 1 1 1 1 0 0 0 1 1 1 0 1 1 1 1 1 0 1 0 0 0 1 0 0 1 1 1 1 1 1 1 1 1 1 1 1 0 1 0 1 1 1 1 0 1 1 0 0 0 1 1 0 1 1
1 1 1 0 0 1 0 1 0 1 0 1 0 1 1 1 1 1 1 1 0 1 1 1 1 0 0 1 0 1 1 1 1 0 1 0 1 0 1 1 0 1 1 0 0 1 1 0 1 0 0 0 0 1 1 0 1 1 1 1 1 0 1 0
0 0 1 0 0 1 0 1 0 0 1 0 0 0 0 0 0 1 0 0 1 1 0 0 0 0 0 0 1 0 0 0 0 0 0 0 0 0 0 0 0 0 1 0 1 0 0 1 0 0 0 0 0 0 0 0 0 0 0 1 1 0 0 0
0 0 0 1 0 1 0 0 0 1 1 1 0 0 1 1 0 1 0 0 1 0 1 1 0 0 0 0 1 0 1 0 1 1 1 1 0 1 0 1 0 0 0 0 1 1 0 0 0 0 0 0 1 1 0 1 0 0 1 0 1 1 1 0
0 0 0 0 0 1 0 0 0 0 0 0 1 0 0 0 1 0 0 0 0 0 0 0 0 0 0 0 0 0 0 1 0 1 1 0 1 1 0 0 0 0 1 1 1 0 0 0 0 0 0 0 0 0 0 1 0 0 0 0 0 1 1 0
0 0 1 0 0 1 0 0 1 0 1 0 1 0 1 0 1 1 1 0 1 0 0 1 0 0 1 0 0 0 0 0 1 0 1 1 0 0 0 1 0 0 0 0 0 0 0 0 1 1 0 0 0 0 0 1 1 1 1 1 0 0 0 1
0 0 1 0 1 0 1 0 1 0 1 1 0 0 0 0 0 0 0 0 0 0 0 0 1 0 1 0 1 0 1 0 0 0 0 1 0 0 0 0 0 1 0 0 1 1 0 0 1 1 0 1 1 0 1 1 0 0 1 0 1 0 1 0
0 0 0 1 0 0 0 0 0 1 0 1 0 1 1 0 1 0 0 0 1 0 0 0 0 0 0 0 1 1 0 0 0 0 0 0 0 0 0 1 1 1 1 0 0 1 0 0 0 0 0 0 0 1 0 1 0 0 0 0 0 0 0 0
1 1 0 0 1 1 0 1 0 0 1 0 0 1 0 0 0 1 0 0 0 0 1 0 0 0 0 0 0 1 1 0 0 0 0 0 0 0 1 0 1 1 1 0 1 1 0 1 0 0 0 1 0 0 1 1 0 0 0 1 0 0 0 0
0 1 0 1 0 0 0 1 0 0 0 0 1 1 1 1 0 1 0 1 0 0 1 0 1 0 0 1 0 0 1 0 0 0 0 0 0 0 0 0 1 0 0 0 0 0 0 0 0 1 0 0 0 1 0 0 0 0 0 0 0 0 0 1
1 0 0 0 1 0 1 1 0 0 0 0 0 1 1 1 1 0 0 0 0 1 1 0 1 0 1 0 1 0 0 0 0 0 0 0 0 0 0 1 0 1 0 0 0 0 0 0 1 1 1 1 0 1 1 0 0 0 0 0 1 1 0 0
1 0 0 1 1 1 0 1 0 1 1 1 1 1 1 0 0 1 0 0 0 0 1 0 0 1 1 0 0 0 1 1 0 0 1 1 0 0 1 0 1 1 0 1 1 1 1 1 1 1 1 1 0 1 1 1 1 0 0 0 0 0 1 1
0 0 0 0 0 1 0 0 0 0 0 1 0 0 0 0 0 0 0 0 1 0 0 0 0 0 0 0 0 0 1 0 0 0 1 0 0 0 0 0 0 1 0 0 0 0 0 1 1 0 0 0 0 0 1 0 0 1 0 0 0 1 0 0
1 0 1 0 1 0 0 0 1 1 0 1 1 0 1 1 0 1 1 1 1 1 1 0 0 1 0 0 0 1 1 0 1 0 0 0 0 0 1 1 1 1 1 0 0 1 1 0 1 0 1 0 1 0 0 0 1 1 0 0 0 0 0 1
0 0 1 1 1 1 1 1 1 0 1 1 1 0 1 1 0 0 1 0 1 1 1 0 1 1 0 1 1 1 1 1 0 1 0 1 0 0 1 1 1 0 1 1 1 1 1 0 1 0 1 1 0 1 0 1 1 1 1 1 0 1 0 0
0 0 0 0 1 0 1 0 0 0 0 0 0 0 1 0 0 0 0 0 0 1 0 0 0 0 0 0 0 0 0 0 0 0 0 0 0 0 0 0 0 0 1 1 0 0 0 0 0 0 0 0 0 0 0 0 0 0 0 0 0 0 0 1
1 0 1 1 1 0 1 1 0 0 0 1 0 0 1 1 0 0 1 0 1 1 1 1 1 1 1 1 1 0 0 1 0 1 0 0 0 1 1 1 1 0 1 0 0 0 0 0 1 1 1 1 0 0 0 1 1 1 0 0 1 1 0 0
1 1 1 1 1 1 1 1 1 1 1 1 1 1 1 1 1 1 1 1 1 1 1 1 1 1 1 0 1 1 1 1 1 1 1 1 0 1 1 1 1 1 1 1 1 0 0 1 1 1 1 0 1 1 1 1 1 1 1 1 1 1 1 1
1 1 1 1 1 1 1 1 1 1 1 1 1 1 1 1 1 1 1 1 1 1 1 0 1 1 1 0 1 1 1 1 0 1 1 1 1 1 1 1 1 1 1 1 1 1 1 1 1 0 1 1 1 1 1 1 1 1 1 1 1 1 1 1
0 0 0 0 0 1 1 0 0 1 0 0 1 1 1 0 1 0 1 1 0 0 1 1 1 0 0 1 1 1 1 0 0 1 1 0 0 0 1 0 1 0 0 1 1 1 0 1 0 0 0 1 1 1 0 1 0 0 0 0 1 1 1 1
1 0 0 0 0 0 0 0 0 0 0 0 0 0 0 1 0 0 1 0 0 0 1 0 0 0 0 1 0 0 0 1 1 1 0 0 0 0 0 0 0 0 0 0 0 0 1 0 0 0 0 0 1 0 0 0 0 0 0 0 0 0 0 0
0 0 0 0 0 0 0 0 0 0 0 1 1 0 0 0 0 0 0 0 0 0 0 0 0 0 0 0 0 0 0 0 0 0 0 0 0 0 0 0 0 0 0 0 0 0 0 0 0 0 0 0 0 0 0 0 0 0 0 0 0 0 0 0
0 1 0 0 0 1 1 1 1 0 0 1 1 1 0 0 1 1 1 1 1 1 0 0 1 0 1 1 0 1 1 1 1 1 1 0 1 1 1 0 1 0 0 0 0 1 0 1 1 1 0 1 0 1 0 0 1 0 0 1 0 1 1 1
1 0 1 1 1 1 1 1 1 1 1 1 1 1 1 1 1 1 1 1 1 1 1 1 1 1 1 1 1 1 1 1 1 1 1 1 1 1 1 1 1 1 1 1 1 1 1 1 1 1 1 1 1 1 1 1 1 1 1 1 1 1 1 1
0 1 0 1 0 1 0 0 1 0 1 0 1 0 0 0 0 0 1 0 0 0 0 0 0 0 0 0 1 0 0 0 1 0 0 0 0 0 0 0 1 0 0 0 1 1 0 1 0 0 0 1 1 0 0 0 0 0 0 0 0 1 0 1
0 0 0 0 0 0 1 0 0 0 0 0 0 0 0 0 0 0 0 1 0 0 0 0 0 0 0 0 0 0 0 0 1 1 0 1 1 0 0 0 0 0 0 0 0 0 0 0 0 0 0 0 0 0 0 0 0 0 0 0 0 0 0 0
1 0 0 0 1 0 0 0 1 0 0 1 0 0 1 1 0 0 0 0 0 0 1 0 0 0 1 1 1 0 0 0 1 0 0 0 0 0 0 1 0 0 0 0 1 0 0 0 0 0 0 0 0 0 0 0 0 0 0 0 1 0 0 0
0 0 0 0 0 0 0 0 0 0 0 0 0 0 0 1 0 0 0 0 0 0 0 1 0 0 0 0 0 0 0 0 0 0 0 0 1 0 0 0 0 0 0 0 1 0 0 0 0 0 0 0 0 0 1 0 1 0 0 0 0 0 1 0
0 0 0 0 0 0 0 0 0 0 0 1 0 0 0 0 0 0 0 0 0 0 0 0 0 0 0 0 0 0 0 0 0 0 0 0 1 0 0 0 0 0 0 0 0 0 0 0 0 0 0 0 0 0 0 0 0 0 0 0 0 0 0 0
1 1 0 0 1 0 0 0 0 0 0 1 0 0 1 0 0 1 0 0 0 0 1 0 0 0 0 0 0 0 1 0 0 0 0 0 0 0 1 0 0 0 0 0 0 0 0 0 0 0 1 0 0 0 0 0 0 0 0 0 0 0 0 0
1 1 0 0 1 0 1 1 0 0 1 0 0 1 1 0 1 0 0 0 0 0 0 0 1 1 1 0 1 0 1 0 1 0 0 1 0 0 0 1 0 1 1 1 1 1 0 1 0 0 1 0 1 1 0 0 1 0 0 0 0 0 0 0
0 1 1 0 1 0 1 0 1 1 1 1 1 1 0 1 1 1 1 1 1 1 1 0 0 1 1 1 1 1 0 1 1 1 1 1 1 0 1 1 0 1 0 1 1 1 0 0 1 1 0 1 1 1 1 1 1 1 0 0 1 1 0 1
0 1 1 1 0 0 1 1 1 1 1 1 1 1 0 1 0 0 1 1 1 0 1 1 1 1 0 1 1 1 1 1 1 1 1 1 1 1 1 1 1 1 1 0 0 1 1 1 0 1 1 1 0 1 0 1 1 1 0 1 0 1 1 1
1 1 0 1 1 0 1 1 1 1 1 1 1 1 1 1 1 1 1 1 1 1 1 1 1 1 0 1 1 1 1 1 1 1 1 1 1 1 0 1 1 1 0 0 1 0 1 1 1 1 1 1 1 1 1 1 1 1 1 1 1 1 1 1
0 1 0 1 0 1 1 1 1 0 0 1 1 1 1 0 1 0 1 1 0 1 1 1 1 0 0 1 1 1 1 0 0 0 1 0 1 0 0 1 1 0 1 1 1 1 0 1 0 1 0 1 1 0 0 0 0 1 1 0 0 0 0 1
1 1 1 1 1 0 1 1 1 1 0 1 1 1 0 1 0 1 1 1 0 0 1 1 1 1 1 1 1 1 1 1 1 0 1 1 1 1 1 0 1 1 1 1 0 0 1 1 1 1 1 1 0 0 0 1 1 1 1 1 1 1 1 0
0 0 0 1 0 0 0 0 0 1 1 1 1 0 1 1 1 1 0 0 0 1 0 1 0 0 0 0 1 1 1 1 0 0 0 1 0 0 1 1 1 1 1 0 0 1 0 1 0 1 1 1 1 0 1 0 1 1 0 1 1 0 0 1
0 0 1 0 0 1 0 0 0 0 0 0 0 0 0 0 0 0 1 0 0 0 0 0 1 0 0 0 0 0 1 0 0 1 0 1 1 0 0 0 0 1 0 0 1 0 1 0 0 1 1 0 0 1 0 0 1 0 1 0 1 0 1 1
1 1 1 1 1 1 1 1 1 1 0 1 0 1 1 1 1 1 1 1 0 1 0 0 0 1 1 1 1 1 1 1 0 1 1 0 1 1 1 1 0 1 1 1 1 1 1 1 1 1 1 1 1 1 1 1 1 1 1 1 1 1 1 1
0 1 0 1 0 0 1 1 1 0 1 1 0 0 0 1 0 0 0 1 0 1 0 1 0 0 1 1 0 1 0 0 0 1 1 0 0 1 1 0 0 0 0 0 0 0 1 1 0 1 0 0 1 1 0 0 0 1 1 1 0 0 1 1
1 1 1 1 1 1 1 1 1 1 1 1 1 1 0 1 1 1 1 1 1 1 1 1 1 0 1 1 1 1 1 1 0 1 0 1 1 0 1 1 1 1 1 1 1 1 1 1 1 1 1 1 1 1 1 1 1 1 1 1 1 1 1 0
1 0 0 0 1 1 0 1 1 0 1 1 1 0 1 1 0 0 0 0 0 0 0 0 0 1 1 0 1 1 1 1 0 1 0 1 0 1 1 1 1 1 1 1 1 0 1 0 1 1 1 1 0 1 1 0 0 1 1 0 1 1 1 1
1 0 1 0 0 0 1 0 0 0 0 0 0 0 0 0 0 0 1 0 0 0 1 1 1 1 0 1 1 0 1 0 0 1 0 0 0 0 0 1 0 1 0 1 0 0 0 1 1 1 1 1 0 0 0 0 1 0 0 1 0 1 0 1
0 1 1 1 1 1 1 0 1 1 0 1 0 1 1 0 1 1 1 1 0 1 0 1 1 1 0 1 1 1 1 0 1 1 1 1 0 0 1 1 0 1 1 1 1 0 1 0 1 0 1 1 1 1 1 0 1 0 1 1 1 0 1 1
1 1 1 1 1 1 0 1 1 1 1 1 1 1 1 1 1 0 1 1 1 1 1 1 1 1 1 1 0 1 1 1 1 1 1 1 1 1 1 1 0 1 0 1 1 1 1 1 1 1 0 1 1 1 1 0 1 1 1 1 0 1 1 1
1 1 1 0 0 1 0 1 0 1 0 1 1 1 1 0 0 0 0 1 1 0 1 1 0 1 0 0 0 1 1 0 1 1 0 0 1 1 1 0 0 0 1 1 1 0 1 0 1 0 1 1 0 0 0 0 0 0 1 0 0 0 1 0
1 0 1 1 1 1 1 1 1 0 1 1 1 1 1 1 1 0 1 1 1 1 0 0 1 1 1 1 0 1 1 1 0 1 1 0 1 1 1 0 1 1 1 0 1 1 1 1 1 1 0 1 1 1 1 1 1 1 1 1 1 1 1 1
1 1 0 0 0 1 1 0 1 0 0 0 0 1 1 1 0 0 1 1 1 1 1 1 1 1 0 0 1 0 1 1 0 1 1 0 0 1 0 1 1 1 1 1 0 1 0 1 0 0 1 1 1 1 0 1 1 0 0 0 0 0 0 1
1 1 0 1 1 0 1 0 1 0 1 0 1 1 1 1 0 1 1 1 1 1 1 0 1 1 1 0 1 0 1 1 0 0 1 1 1 1 1 1 1 0 0 1 1 0 0 0 1 1 1 0 0 0 0 1 1 1 0 0 1 0 1 1
1 0 1 1 1 0 1 1 0 0 0 1 1 1 0 1 1 1 1 1 0 0 0 1 0 0 1 0 0 0 0 1 0 0 1 0 0 1 1 0 1 1 0 0 0 1 1 1 0 0 1 1 1 1 1 1 1 1 1 0 0 1 0 0
1 1 1 1 1 1 0 1 1 0 1 0 1 1 1 1 1 1 1 1 1 1 1 1 0 1 0 1 0 1 0 0 1 1 1 1 0 1 1 1 1 1 0 0 1 1 0 1 0 1 0 1 1 0 1 0 1 0 1 1 1 1 1 1
1 1 0 1 0 1 0 1 1 1 1 1 1 0 0 0 1 1 1 1 1 1 0 1 1 1 1 0 1 1 1 1 1 0 1 1 0 0 0 1 1 0 1 0 1 0 0 1 1 1 1 1 1 0 0 1 1 0 1 1 1 1 1 0
1 0 0 0 0 0 0 0 0 0 0 0 0 0 0 0 0 0 0 0 0 0 0 0 0 1 0 0 0 0 0 0 0 0 0 0 0 0 0 0 1 0 0 0 0 0 0 0 0 0 1 0 0 0 0 0 0 0 0 0 0 0 0 0
1 1 1 0 0 0 0 1 1 1 1 1 1 1 1 1 1 1 1 0 1 0 0 1 1 1 1 1 1 0 1 1 1 1 0 0 1 1 1 1 0 1 0 0 0 0 0 0 1 1 1 1 0 1 0 0 0 1 1 1 0 0 1 1
0 1 1 1 1 1 1 1 1 1 1 1 1 1 1 0 1 1 1 1 0 1 1 1 0 1 0 1 1 1 1 0 1 1 1 0 0 0 0 1 1 1 1 1 0 1 1 1 1 1 1 1 1 1 0 0 0 1 0 1 1 0 1 1
0 1 1 0 1 0 0 1 1 1 1 1 1 0 0 0 0 1 0 1 0 0 0 1 1 1 0 1 1 1 1 0 1 0 0 0 1 1 0 1 1 1 0 0 1 1 0 0 1 0 1 1 0 1 1 0 0 0 0 0 1 1 1 0
0 1 1 0 1 1 1 1 1 0 1 1 1 1 1 1 1 1 1 0 1 0 0 1 1 1 1 1 1 0 0 1 1 1 1 0 1 1 1 0 0 1 1 1 1 1 1 0 0 1 1 1 1 1 1 0 1 1 1 1 1 1 1 0
1 1 1 0 1 0 0 1 1 1 1 0 0 0 0 0 0 0 1 1 0 0 0 0 0 1 1 1 1 0 1 0 0 1 0 0 0 0 1 1 1 1 0 1 1 0 1 0 0 0 0 1 0 1 0 1 0 1 0 0 1 0 0 0
0 0 0 0 0 0 1 0 0 1 0 0 0 0 1 1 0 0 0 0 0 0 0 0 1 0 0 0 0 1 0 0 1 0 0 0 0 1 0 0 0 0 0 1 0 0 0 0 0 0 0 1 0 0 0 0 1 0 0 0 1 0 1 1
1 1 1 1 0 1 0 1 1 0 0 1 1 1 1 0 1 0 1 1 1 1 1 1 1 1 0 0 1 0 1 1 1 1 1 1 0 1 1 1 1 1 1 0 0 0 1 1 1 1 1 1 1 1 0 1 0 0 1 1 1 0 0 1
0 0 1 1 0 1 0 0 1 0 0 1 0 0 0 1 0 1 1 1 1 1 0 0 0 0 1 1 0 0 1 0 1 1 1 1 1 0 1 0 0 1 1 1 0 0 0 1 0 0 0 1 1 0 0 0 0 0 1 0 1 1 0 1
1 1 1 0 1 1 0 1 0 1 1 1 1 1 1 1 1 1 0 1 1 1 1 0 1 1 1 1 1 1 1 0 0 0 0 1 1 1 0 1 1 1 1 1 1 1 1 1 0 1 1 1 1 1 1 1 1 1 1 1 0 1 1 1
0 0 0 0 1 0 0 0 0 0 0 0 0 0 0 0 0 0 0 0 1 0 0 0 0 0 0 0 0 0 0 0 0 0 0 0 0 0 0 0 0 0 0 1 0 0 0 0 0 0 0 0 0 0 0 0 0 0 0 0 0 0 0 0
1 0 1 1 1 0 0 0 0 0 0 0 1 1 0 0 1 1 0 0 0 1 0 0 1 1 0 0 0 0 0 0 1 0 0 0 0 1 0 1 0 1 1 1 1 1 1 1 1 1 0 0 1 1 0 0 0 1 0 1 0 1 1 0
0 0 0 1 0 0 0 0 1 0 0 0 0 1 1 0 0 1 0 0 0 0 0 0 0 0 1 0 0 0 0 0 0 0 1 0 0 1 0 0 0 0 0 0 0 0 1 0 0 0 0 0 0 0 1 0 0 1 0 1 0 0 1 0
1 0 0 1 0 0 1 0 0 0 0 0 0 0 0 1 0 1 0 0 0 0 0 0 0 0 0 1 1 0 0 1 1 0 1 0 1 1 0 0 0 0 1 0 1 1 1 0 0 0 0 0 0 1 0 0 0 0 0 0 0 1 0 0
1 0 0 0 0 1 1 0 0 1 0 1 1 1 1 1 1 1 1 1 1 1 1 0 0 0 1 1 0 1 1 1 0 0 0 0 0 0 1 1 1 1 1 1 1 1 1 1 1 0 1 1 1 1 1 1 0 1 1 1 0 1 1 0
0 0 0 0 0 0 0 1 1 0 0 0 0 1 0 0 0 0 0 1 0 1 1 1 0 0 0 0 0 0 0 1 0 1 1 1 0 0 0 1 0 0 0 0 1 0 0 1 0 0 0 0 0 0 1 0 0 1 0 0 1 1 0 0
1 1 1 1 1 1 1 1 1 1 1 1 1 1 1 1 1 1 1 1 1 1 1 1 1 1 1 1 1 1 1 1 1 1 1 1 1 1 1 1 1 1 1 1 1 1 1 1 1 1 1 1 1 1 1 1 1 1 1 1 1 0 1 1
1 1 1 1 1 1 1 1 1 0 1 0 1 1 1 0 0 0 1 1 1 1 1 1 1 1 0 1 0 0 0 1 1 1 1 1 1 1 1 1 0 0 1 1 1 0 0 1 0 1 1 1 1 1 0 1 1 0 1 1 0 1 1 1
0 1 0 0 0 1 0 0 1 0 0 1 0 0 0 0 0 0 0 0 0 0 0 0 0 0 1 1 0 0 0 0 0 0 0 1 0 0 0 1 0 1 1 0 0 0 0 1 1 1 1 0 0 0 0 1 0 1 1 1 0 0 1 0
1 1 1 1 1 1 1 1 1 1 1 1 0 0 1 1 1 1 1 1 1 1 1 1 1 1 1 1 1 1 1 0 1 1 1 1 1 1 1 0 1 1 1 1 1 1 1 1 0 1 1 0 1 1 1 1 1 1 1 1 0 1 1 1
0 0 0 0 0 0 0 1 0 0 0 1 0 0 0 0 0 0 0 0 0 0 0 0 0 0 0 1 0 0 0 0 0 0 0 0 1 0 0 0 1 0 0 0 0 0 0 1 0 0 0 0 0 0 0 0 0 0 0 0 0 0 1 0
1 1 1 1 1 1 1 1 1 1 1 1 1 1 1 1 1 1 1 1 1 1 1 1 1 1 1 1 1 1 1 1 1 1 1 1 1 1 1 1 1 1 1 1 1 1 1 1 1 1 1 1 1 1 1 1 1 1 1 1 1 1 1 1
1 0 0 0 0 0 0 0 0 0 0 1 1 1 0 0 0 1 0 1 0 0 1 0 0 0 0 0 1 0 0 0 0 0 0 0 0 0 1 0 0 0 0 0 0 0 0 0 0 0 0 0 0 0 0 0 0 0 0 0 1 0 0 0
1 1 1 1 1 1 1 1 1 1 1 1 1 1 1 1 1 1 1 1 1 1 1 1 1 1 1 1 1 0 1 1 1 1 1 1 1 1 1 1 1 1 1 1 1 0 1 1 1 1 1 1 1 1 1 1 1 1 1 0 1 0 1 1
1 1 1 1 0 0 0 1 1 0 1 1 1 1 0 0 1 1 1 0 1 1 1 1 1 1 0 1 0 0 1 1 0 1 0 0 0 1 0 0 0 1 1 1 0 1 0 1 0 1 1 0 0 1 1 0 1 1 1 1 1 1 0 1
0 1 1 1 1 1 0 0 1 1 1 1 1 1 1 1 0 1 1 0 1 1 1 1 1 1 1 1 0 1 1 1 1 1 1 1 1 0 1 1 0 0 0 0 0 1 0 1 1 0 0 0 0 0 1 0 1 1 1 0 1 1 1 1
0 1 1 1 1 1 1 1 1 1 1 1 1 1 1 1 1 1 1 1 1 1 1 1 1 1 1 1 1 1 1 1 1 1 1 1 0 1 1 1 1 1 1 1 1 1 1 1 1 1 1 1 1 1 1 1 1 1 1 1 1 1 1 0
0 0 1 0 1 1 0 1 0 1 0 0 1 0 0 0 1 0 1 0 1 0 0 0 0 0 0 1 1 0 1 1 1 1 0 1 0 1 1 0 0 1 0 0 0 1 0 0 0 1 1 0 1 0 0 0 1 0 0 0 1 1 0 1
1 1 1 0 0 0 0 0 0 1 1 0 0 0 0 0 1 0 0 0 0 0 1 1 0 1 0 0 0 0 0 1 1 1 1 0 0 0 1 0 0 0 0 0 0 0 0 0 0 1 0 0 0 0 0 0 0 1 0 0 1 1 0 1
0 0 0 0 0 0 0 0 0 0 0 0 0 1 0 0 0 0 0 0 0 0 1 0 0 0 0 0 0 1 0 0 0 0 0 0 1 0 0 0 0 0 0 0 1 0 0 0 0 0 0 0 0 0 0 0 0 0 0 0 0 0 0 0
0 1 1 1 1 1 1 0 0 1 0 1 1 1 1 0 1 1 1 1 1 0 1 0 1 1 0 1 1 1 1 1 1 0 1 1 0 1 1 1 1 0 1 1 0 1 1 1 1 1 1 0 1 1 1 1 0 1 1 1 1 1 0 1
0 0 0 0 0 0 0 0 0 0 0 0 0 0 0 0 0 0 1 0 0 0 0 0 0 1 0 0 0 0 0 0 0 0 0 1 1 0 1 0 0 0 0 0 0 0 0 0 0 0 1 0 1 1 0 0 0 0 0 0 0 0 0 0
1 0 0 1 0 0 0 0 1 1 0 1 1 0 1 0 1 0 0 0 1 0 0 0 0 0 0 1 0 0 1 0 1 0 0 1 1 0 0 0 0 1 0 0 1 1 0 1 1 1 1 1 0 1 0 0 0 0 0 1 0 0 1 0
0 1 1 1 1 1 1 1 1 1 1 1 1 1 1 1 1 1 1 1 1 1 1 1 1 1 1 1 1 1 1 1 1 1 1 1 1 1 1 1 1 1 1 1 1 1 1 1 1 1 1 1 1 1 1 1 1 1 1 0 1 1 1 0
1 1 0 1 0 0 0 1 1 0 0 0 0 0 1 1 0 0 1 0 1 1 1 1 0 0 0 0 0 0 1 0 0 0 1 0 1 1 1 0 0 1 1 0 0 0 0 0 0 0 0 0 0 0 0 1 0 1 0 1 1 0 0 0
1 1 0 0 0 0 0 1 0 0 1 1 1 1 0 0 0 0 1 1 0 1 0 0 0 0 0 0 0 0 0 0 0 1 0 0 1 1 0 0 0 0 1 1 0 1 0 0 1 1 0 0 0 0 1 1 0 1 0 1 0 0 0 1
1 0 1 1 0 0 1 1 0 1 1 0 1 1 0 0 0 1 1 0 1 1 0 1 1 1 0 1 1 1 0 0 1 1 1 1 1 0 0 1 0 1 1 1 0 0 0 0 1 1 1 0 0 1 0 0 1 0 1 1 1 1 1 0
0 0 0 0 0 0 0 0 0 0 1 0 0 0 0 0 0 0 0 0 0 0 0 0 0 0 0 0 0 1 0 0 0 0 0 0 0 0 0 0 0 0 0 0 0 0 0 0 0 0 0 0 1 0 0 0 0 0 0 0 0 0 0 0
1 1 1 1 1 1 1 1 1 1 0 1 1 1 1 1 1 1 0 1 0 1 1 1 1 1 1 1 1 1 1 1 1 1 1 1 1 1 1 1 1 1 1 1 1 0 1 1 1 1 1 1 1 1 1 1 1 1 0 1 1 1 1 1
1 1 1 1 1 1 1 1 1 1 1 1 1 1 1 1 1 1 1 1 1 1 1 1 1 1 1 1 1 1 1 1 1 1 1 1 1 1 1 1 1 1 1 1 1 1 1 1 1 1 1 1 1 1 1 1 1 1 0 1 1 1 1 1
1 1 1 1 1 1 1 1 1 1 1 1 1 1 1 1 1 1 1 1 1 1 1 1 1 1 1 1 1 1 1 1 1 1 1 1 1 1 1 1 1 1 1 1 1 1 1 1 1 1 1 1 1 1 1 1 1 1 1 1 1 1 1 1
0 0 0 0 0 0 0 0 0 0 0 1 0 0 0 1 0 1 0 1 0 0 0 0 0 1 1 0 0 0 1 0 0 0 0 0 0 0 1 0 0 0 0 0 0 0 0 0 0 0 0 0 0 0 1 0 0 1 1 0 1 0 1 0
1 0 0 0 1 1 1 0 1 0 0 0 0 1 0 0 1 0 0 1 0 0 1 1 0 1 1 1 1 1 0 1 0 0 1 0 0 1 1 1 0 0 0 0 1 1 0 0 1 0 1 1 1 0 1 0 0 0 1 1 1 1 1 1
1 1 0 1 1 0 0 0 0 0 1 0 0 0 0 0 0 0 0 1 1 1 1 0 1 1 0 0 0 0 1 0 1 1 1 0 1 1 0 1 0 1 0 0 0 0 1 0 0 0 1 1 0 0 0 0 1 1 0 0 1 1 0 1
1 1 0 1 0 0 0 0 0 1 1 1 0 0 0 0 1 1 0 0 0 1 1 1 1 1 0 0 1 0 0 0 0 0 1 1 1 0 0 0 0 0 0 0 0 1 0 0 1 0 0 0 0 0 1 0 0 1 0 0 0 1 0 0
0 0 0 0 0 0 1 0 1 0 0 0 0 1 0 0 1 0 1 0 0 0 0 0 0 0 0 1 0 0 0 0 0 1 0 0 1 0 1 0 0 0 0 0 0 0 1 1 0 1 1 0 1 1 0 1 1 0 0 0 0 0 0 1
1 0 0 0 0 0 1 0 0 0 0 0 0 0 0 0 0 0 0 0 1 0 0 0 0 0 0 0 0 0 0 0 1 0 0 0 0 0 0 0 0 0 0 0 0 0 0 0 0 0 0 0 0 0 0 0 0 1 0 1 0 0 0 0
0 1 0 1 1 0 1 0 1 1 0 0 0 1 0 1 0 0 0 0 0 0 1 0 0 1 0 0 0 0 1 0 0 1 0 0 0 0 0 0 1 0 1 0 0 0 0 1 0 0 0 0 0 0 1 1 0 0 0 0 0 0 1 0
0 0 0 0 0 0 1 0 1 1 0 1 0 0 1 0 1 0 0 1 1 0 1 0 1 0 0 1 1 0 0 0 0 1 1 0 1 0 0 1 0 1 0 0 0 1 1 1 0 1 1 1 1 1 1 1 1 1 1 0 0 0 1 1
1 0 1 0 1 1 1 1 1 1 0 0 1 1 1 1 1 1 1 0 1 1 1 1 1 1 1 1 1 1 1 1 1 1 1 1 1 1 1 1 1 1 1 1 1 1 0 1 0 1 1 1 0 1 1 1 0 1 0 1 1 0 1 1
0 0 1 1 0 0 0 0 0 0 0 0 0 0 0 0 0 0 0 0 0 1 1 0 0 0 1 0 1 0 0 0 0 0 0 0 0 0 1 0 1 0 0 0 0 0 1 1 1 1 0 0 0 0 0 1 0 0 0 0 0 0 1 0
0 1 1 1 1 1 1 1 1 1 1 1 1 1 1 1 1 1 1 1 1 1 1 1 1 1 1 1 1 1 1 1 0 1 0 1 1 0 1 1 0 0 1 1 1 1 1 0 1 1 1 1 1 0 1 0 1 0 1 1 1 1 1 0
1 1 1 1 0 1 1 1 1 1 0 0 1 1 1 1 0 1 0 1 1 1 1 1 1 1 1 1 0 1 1 1 0 1 1 1 0 0 1 1 0 1 0 1 1 0 1 1 1 1 0 1 1 1 1 1 1 0 0 1 1 1 1 0
0 1 0 0 1 1 0 1 0 1 0 0 0 0 0 0 1 1 1 0 0 0 1 0 0 1 0 1 1 0 1 1 0 0 0 0 1 1 0 0 1 0 1 1 1 0 0 1 1 1 0 1 1 1 1 1 0 0 0 1 0 1 0 1
0 0 1 0 1 0 1 0 1 1 1 0 0 1 1 1 1 0 1 1 1 0 1 1 0 1 1 1 0 1 1 0 1 1 0 1 0 0 1 1 1 1 1 0 0 0 1 0 1 1 0 1 1 1 0 1 1 1 1 0 1 1 1 1
1 0 1 0 0 0 0 0 0 1 0 1 1 0 1 1 0 1 0 0 0 0 0 1 1 1 1 1 1 1 0 1 0 0 1 0 0 0 0 0 0 0 0 0 1 1 0 1 1 1 0 0 0 0 1 0 1 0 1 1 0 0 1 0
1 0 1 1 0 1 1 1 1 1 1 0 1 0 0 0 1 1 0 1 1 0 0 1 1 1 1 1 0 0 0 1 1 1 1 1 1 1 1 0 0 1 1 1 1 1 1 1 0 1 1 0 1 1 1 1 0 1 1 1 1 0 1 1
0 1 0 1 1 1 1 0 0 0 0 1 1 0 1 1 0 1 1 1 1 1 0 1 1 0 0 1 1 1 1 1 1 0 1 1 1 1 1 0 1 1 1 0 0 1 0 0 0 1 1 0 0 1 0 0 1 0 1 1 1 0 0 1
0 0 0 0 0 0 0 0 0 1 1 1 0 0 0 0 1 1 0 1 1 0 1 1 1 0 0 0 0 0 0 0 0 1 0 0 0 0 0 0 0 1 0 0 0 0 0 0 0 0 0 0 1 0 0 0 1 0 1 0 0 0 0 1
0 0 0 1 0 0 0 0 0 0 0 0 0 0 0 0 0 0 0 0 0 0 1 0 0 0 0 0 0 0 0 0 0 0 0 0 0 0 0 0 0 0 0 0 0 0 0 0 0 0 0 0 0 0 0 0 0 0 0 0 0 0 0 0
1 1 1 1 1 1 1 1 1 1 0 1 0 1 1 1 1 1 1 1 1 1 1 1 1 0 1 1 1 1 1 1 1 1 1 1 1 1 1 1 1 1 1 1 1 1 1 1 1 1 1 1 1 1 1 0 1 1 1 1 1 1 0 1
0 1 1 1 0 1 1 1 1 1 1 1 1 1 0 0 1 1 1 0 1 1 1 1 1 1 1 1 1 0 1 1 1 1 1 1 1 0 1 1 1 1 1 1 1 0 0 0 1 0 1 1 1 1 1 1 1 1 0 0 1 1 1 1
0 0 0 0 1 0 0 0 0 0 0 0 0 1 0 0 0 0 0 0 0 0 0 0 0 0 0 0 1 0 0 0 0 0 0 0 0 0 0 0 1 0 0 0 0 0 0 0 0 0 0 0 0 0 0 0 0 0 0 0 0 0 0 0
1 1 1 1 1 1 1 1 0 1 1 1 1 1 1 0 1 0 0 1 0 1 1 1 0 0 0 1 1 0 0 0 1 1 1 0 1 0 1 0 0 0 1 1 1 1 0 1 1 1 1 1 0 1 1 1 1 0 1 1 1 0 0 0
1 1 0 0 0 0 0 0 1 1 0 0 1 0 0 0 0 0 1 0 0 1 0 0 0 0 1 0 0 1 0 0 1 0 0 1 0 1 0 0 0 0 0 0 0 1 0 0 0 0 0 1 0 0 1 0 0 0 0 0 0 0 0 1
0 0 0 0 1 0 0 0 0 0 0 0 0 0 0 0 0 0 1 0 0 0 0 0 0 0 0 0 0 1 0 1 0 0 0 1 0 0 0 0 0 0 0 0 0 0 0 1 0 0 0 0 0 0 1 0 1 1 0 0 0 0 1 0
1 1 0 0 1 0 0 1 1 1 1 1 0 1 1 1 1 0 0 1 0 0 0 1 0 1 1 1 1 0 1 0 0 0 1 0 0 1 1 0 0 0 0 1 0 0 0 0 0 0 0 0 1 0 0 0 1 1 1 0 0 1 0 1
0 0 0 1 0 0 0 0 0 1 0 0 0 0 0 0 1 0 0 0 0 0 0 0 0 0 0 1 1 0 0 0 0 0 0 0 1 1 0 0 0 1 0 0 0 1 0 0 0 0 0 0 0 0 0 1 0 0 0 0 0 0 0 1
0 0 0 0 0 0 0 0 1 0 0 0 0 1 0 1 0 0 0 0 0 1 0 0 0 0 0 1 0 1 1 1 0 1 1 0 1 0 0 0 0 1 1 0 0 1 0 0 0 0 1 0 1 1 0 0 0 1 0 0 1 0 0 0
1 1 0 1 0 1 1 1 1 1 1 1 1 0 1 0 1 1 0 0 1 1 1 1 1 1 1 1 1 1 1 1 1 1 1 1 0 1 1 1 1 0 0 0 1 1 0 0 1 0 1 0 1 1 1 1 1 1 1 1 1 1 1 1
