62 16
37 13 24 23 47 19 14 35 42 42 32 12 38 41 30 33
1 0 0 0 0 0 0 0 1 0 0 0 0 0 0 0
1 1 1 1 1 1 1 1 1 1 1 1 1 1 1 1
1 1 0 1 1 0 1 0 1 0 1 1 0 0 0 1
0 0 1 0 1 0 0 0 0 1 0 0 0 0 0 1
1 0 1 1 1 1 1 1 0 0 0 0 1 0 1 1
0 0 1 0 1 1 0 1 1 1 0 1 0 1 1 1
1 1 1 1 1 1 1 1 1 1 1 1 1 1 1 1
1 1 1 1 1 1 1 1 1 1 1 1 1 1 1 1
1 1 0 0 1 1 0 1 1 0 1 0 1 0 1 0
1 0 0 1 0 1 1 0 0 0 0 0 1 1 0 1
1 1 1 0 1 0 1 1 1 1 0 1 1 0 0 1
1 0 0 1 0 1 1 0 0 0 0 0 0 0 1 0
1 1 1 1 1 1 1 1 0 1 1 1 1 1 1 0
0 0 1 1 1 1 0 1 1 1 1 1 0 1 0 1
0 0 1 0 0 1 0 0 0 0 0 0 0 0 0 0
0 1 0 0 0 0 1 0 1 0 1 1 0 1 1 0
0 1 1 0 1 0 1 1 1 1 0 1 0 0 0 1
0 1 1 1 1 0 0 0 0 0 1 1 0 0 1 0
1 1 1 1 1 1 0 1 1 1 0 1 1 1 1 1
1 1 0 0 1 1 1 1 1 1 0 1 1 0 1 0
1 1 0 1 0 0 0 0 0 0 0 1 0 0 1 1
0 1 0 0 0 0 0 0 0 0 1 0 1 0 1 1
1 0 0 0 0 0 1 1 1 1 0 0 0 0 0 0
1 1 0 1 1 1 1 0 0 1 1 0 1 1 1 1
1 0 0 1 1 1 1 1 0 1 0 1 1 0 1 1
0 0 0 0 0 1 0 0 0 0 0 0 0 0 0 0
0 1 0 0 0 0 1 1 0 0 0 0 0 1 0 0
1 0 0 1 0 1 0 1 0 1 0 0 0 0 0 1
1 1 1 1 1 1 1 1 1 1 0 1 1 0 1 1
0 1 0 1 0 0 0 1 1 1 0 1 0 0 1 1
1 1 1 1 1 1 1 1 1 1 1 0 1 0 1 0
1 0 1 0 1 1 1 1 1 1 0 0 1 1 1 1
0 0 0 0 0 1 0 0 0 0 1 0 1 0 1 1
0 0 0 0 0 0 0 1 0 0 0 0 0 0 0 0
0 0 1 1 0 1 0 1 1 1 0 1 0 0 0 0
0 1 0 0 0 1 0 0 0 0 0 0 0 0 0 1
1 0 1 1 1 1 0 1 1 1 1 1 1 1 1 1
0 1 0 0 1 0 0 1 0 1 1 1 1 0 0 0
0 0 0 0 0 0 0 0 0 0 0 1 0 0 0 0
1 0 1 1 1 1 1 1 1 1 1 1 1 1 1 1
0 1 0 0 0 1 0 0 1 1 0 1 1 1 0 1
0 0 1 0 0 0 0 0 0 0 0 0 0 0 0 0
1 1 1 1 1 1 1 1 1 1 1 1 1 1 1 1
1 1 0 1 1 0 0 0 1 0 1 1 0 0 1 1
0 1 0 1 0 1 0 1 1 1 0 1 1 1 1 0
0 0 0 0 0 1 0 0 0 0 1 0 0 0 0 0
0 1 0 0 0 0 0 0 0 0 0 1 1 0 0 0
1 1 1 1 1 1 1 1 1 1 1 1 1 1 1 1
0 0 0 1 0 0 0 0 0 0 0 0 0 0 0 0
1 1 1 1 1 1 1 1 1 1 1 0 1 1 1 1
0 0 1 0 1 0 0 0 0 0 0 0 0 0 0 0
0 1 1 1 1 1 1 0 0 1 0 0 1 1 1 0
0 1 1 1 1 1 1 1 1 1 1 1 1 1 0 1
1 1 1 1 1 1 0 0 1 1 1 1 1 1 0 1
1 1 0 1 0 1 1 0 0 0 1 1 1 1 1 1
0 0 1 1 0 1 0 0 1 1 0 1 0 1 1 0
0 1 1 1 1 1 1 1 0 0 1 0 0 1 1 1
1 1 1 0 1 1 1 1 1 1 1 1 1 1 0 1
1 0 1 0 1 1 1 1 0 1 1 1 0 1 0 1
0 0 0 0 1 0 0 1 0 1 0 1 0 0 0 0
0 1 0 1 1 1 1 1 1 0 1 1 0 1 1 0
1 1 1 1 0 0 1 1 1 1 1 1 1 1 0 1
