500 800
0
1
1
0
0
0
1
0
1
1
1
1
0
0
0
0
1
0
1
1
1
0
1
0
0
1
1
1
1
0
0
1
0
1
1
0
1
0
0
1
1
1
0
1
1
0
0
1
0
1
0
1
1
1
0
1
0
1
0
1
1
0
1
1
1
0
0
1
1
0
0
0
0
0
0
1
1
0
0
1
1
0
1
0
1
1
1
1
0
1
1
1
0
0
1
1
0
1
0
1
1
0
0
1
1
0
1
0
0
1
1
1
0
0
1
1
1
0
1
1
1
0
1
1
0
0
1
0
1
1
0
0
0
0
0
1
0
1
1
0
0
0
1
0
1
0
0
0
0
1
0
1
1
1
1
1
1
0
1
0
1
1
0
1
1
0
0
1
1
1
1
0
0
0
0
1
0
0
1
0
1
1
0
0
0
1
1
1
1
1
1
0
0
0
0
0
0
0
1
0
0
1
0
0
1
0
1
0
1
0
0
0
0
0
1
0
1
0
0
0
1
1
1
0
1
1
0
0
1
1
0
1
0
0
1
0
0
0
0
1
1
0
0
1
1
1
1
0
1
1
1
1
1
0
1
0
1
1
0
0
0
0
0
1
0
1
1
1
0
1
0
1
1
0
0
0
1
1
1
1
1
0
0
0
0
1
0
1
0
1
1
0
1
1
1
0
1
0
1
1
1
1
0
1
0
0
1
1
1
0
0
0
0
0
0
0
1
1
1
1
0
1
0
1
0
1
1
1
0
0
0
1
0
0
0
0
0
0
1
0
0
0
0
1
0
1
1
0
0
1
1
0
0
1
1
0
1
1
0
1
1
0
0
1
1
1
1
1
1
1
1
1
1
0
0
1
1
0
1
1
1
1
1
1
0
0
1
1
1
1
0
1
0
1
0
1
0
0
0
1
1
0
0
0
0
1
1
1
1
1
0
0
0
1
1
0
1
0
0
1
0
0
0
0
1
0
1
1
0
1
0
1
1
1
1
1
0
1
0
1
0
0
1
0
1
0
0
1
0
0
0
0
1
0
0
0
0
1
0
1
1
0
0
0
1
0
0
1
1
0
0
1
1
1
1
0
1
1
1
0
0
1
0
1
1
1
1
0
0
1
1
1
0
1
0
1
1
0
1
0
443 188
318 212
268 257
361 325
39 234
285 347
296 470
116 283
441 147
463 91
97 148
423 425
90 459
154 99
27 59
276 469
99 445
33 366
54 393
42 92
478 179
290 125
148 405
260 88
51 222
30 147
370 452
423 311
410 429
409 436
487 184
405 85
481 437
302 34
181 196
125 10
374 414
135 21
170 394
460 72
467 489
219 188
441 493
498 350
421 407
138 260
442 42
344 422
330 498
455 362
193 431
371 66
196 357
438 365
250 397
437 69
237 7
256 29
351 254
379 272
12 368
31 453
261 226
227 90
223 33
451 267
464 173
332 11
30 121
376 131
369 164
199 106
22 307
134 372
60 364
495 423
231 377
375 491
103 453
432 177
486 234
444 301
407 127
311 288
248 38
270 468
53 469
425 426
127 59
150 186
274 144
108 357
373 334
199 475
287 131
3 124
216 446
424 122
425 86
261 24
476 31
491 380
351 416
306 477
326 455
14 451
450 473
307 322
158 6
148 296
488 151
419 203
448 194
177 372
132 437
247 107
319 238
338 21
5 143
349 182
449 362
132 399
186 439
220 344
296 220
139 283
370 410
337 169
103 13
393 234
302 139
192 472
228 30
493 84
24 341
265 473
55 397
223 240
187 294
435 334
13 74
116 234
483 452
255 437
317 147
23 470
137 214
441 217
95 433
152 471
126 417
295 32
165 369
123 203
162 58
36 27
483 3
112 317
306 366
253 122
364 275
91 353
341 384
421 287
168 72
257 293
488 403
324 4
271 299
206 285
356 93
311 338
95 274
154 401
140 258
374 355
33 317
207 225
200 127
11 367
51 120
12 38
22 187
394 145
485 451
429 340
44 239
29 138
364 34
390 3
292 264
210 176
432 268
400 131
247 410
497 297
29 360
186 403
47 79
47 31
30 475
223 73
65 251
62 428
285 452
283 428
67 492
103 498
259 2
128 357
263 476
153 144
336 339
46 382
417 92
264 298
418 486
370 482
237 432
261 373
235 395
152 301
386 254
298 497
107 277
205 369
252 358
12 439
196 409
172 464
352 436
262 269
421 483
102 9
266 363
233 500
109 384
300 347
137 449
343 95
225 47
316 477
256 179
415 303
88 439
267 439
374 380
208 146
362 161
7 128
375 239
479 484
123 279
330 111
227 24
206 452
422 21
280 178
199 46
480 138
484 98
77 209
477 136
207 191
296 213
170 23
451 148
6 425
278 335
36 5
358 93
308 279
465 439
308 15
484 288
153 320
385 81
380 214
216 86
404 363
298 73
385 249
220 390
25 350
76 60
152 13
416 116
303 223
483 138
362 135
457 99
215 337
312 282
274 67
496 72
491 381
172 62
122 196
411 50
108 116
334 259
480 101
227 282
324 209
420 37
195 228
135 261
416 298
42 190
216 37
113 206
269 284
268 243
479 178
292 86
294 477
197 273
78 275
55 253
335 326
289 381
53 276
141 469
425 182
10 141
70 122
346 191
405 113
433 235
291 76
173 436
404 221
208 333
347 114
437 181
291 226
413 344
353 53
164 277
86 173
417 155
294 263
197 50
227 481
284 369
408 308
304 312
380 364
496 226
329 433
258 120
10 170
463 362
222 478
490 307
150 407
314 295
21 10
344 247
491 479
116 398
139 271
61 18
134 409
244 315
341 1
434 350
171 248
63 244
225 52
51 226
310 216
20 182
225 215
429 67
45 396
317 183
18 229
201 152
137 296
318 477
148 251
178 170
498 92
414 74
496 316
299 157
31 170
339 107
236 119
26 280
366 342
463 383
422 15
386 59
162 203
387 309
453 65
479 302
8 392
375 3
59 25
160 89
46 498
47 281
116 72
61 481
265 375
215 187
241 101
245 402
303 131
62 108
47 392
283 136
409 193
12 68
133 58
417 180
190 384
103 102
216 368
476 431
406 68
31 150
321 185
132 383
144 31
274 405
437 409
40 345
453 403
265 86
312 181
265 2
417 219
103 132
86 431
414 491
350 296
492 171
481 476
405 124
358 30
28 294
290 419
490 243
174 254
180 337
287 296
338 55
14 293
186 100
75 452
442 424
247 286
446 79
113 202
55 322
84 434
115 225
205 456
467 378
62 498
214 200
293 404
254 307
48 291
258 474
242 51
249 489
188 195
419 300
248 473
121 331
407 87
56 111
395 374
340 456
372 53
155 164
308 260
322 355
50 79
180 144
130 429
132 317
123 402
469 222
375 441
53 133
380 460
243 274
185 82
81 56
486 87
72 146
346 245
352 247
324 32
390 305
460 21
275 293
155 149
234 59
281 113
370 375
238 55
308 318
462 145
404 33
290 249
278 494
495 453
109 336
109 433
121 383
226 127
31 311
186 163
275 407
37 12
461 196
329 423
341 84
307 482
184 436
388 499
266 348
186 375
281 306
257 6
433 288
316 470
302 90
376 339
453 189
34 281
111 226
216 269
208 399
205 182
428 444
33 194
292 218
68 72
24 176
429 456
315 96
425 117
37 152
307 489
340 192
121 302
418 336
71 125
234 275
306 13
70 338
58 213
408 125
284 431
153 64
238 467
159 14
83 47
165 389
35 357
81 155
158 350
474 427
354 131
440 424
321 497
474 272
187 247
444 198
112 27
244 276
267 279
132 199
285 142
48 479
369 373
405 75
356 196
350 176
45 485
255 370
108 264
347 295
362 290
344 473
168 87
100 287
217 84
485 354
225 385
332 445
257 88
19 112
136 220
139 32
205 393
253 164
8 99
310 221
240 153
45 260
240 145
46 308
80 382
161 156
266 344
284 323
486 419
42 477
450 246
262 229
152 71
449 243
76 494
2 315
490 399
474 69
281 135
76 46
330 27
420 113
349 258
31 391
86 332
488 306
34 388
172 335
131 247
328 484
413 169
383 386
89 163
372 164
60 202
190 332
166 391
441 197
133 26
380 120
331 117
221 365
4 244
51 486
342 230
398 204
491 486
218 215
149 277
268 190
108 433
432 400
481 64
425 361
36 256
477 256
472 332
351 22
318 192
251 139
194 287
485 411
1 485
39 120
174 499
53 458
398 33
21 323
393 56
78 221
163 401
53 13
422 222
360 500
171 53
139 155
139 353
111 164
203 163
121 101
47 494
423 292
401 352
12 64
252 416
428 25
137 484
196 496
335 218
400 473
372 214
464 10
419 74
88 498
73 486
491 347
277 391
198 141
306 301
56 234
325 193
69 372
188 403
89 440
376 312
5 191
321 275
264 198
396 203
195 320
188 37
167 317
427 216
457 85
17 12
170 193
204 238
65 244
140 5
183 367
57 489
314 172
226 232
380 266
268 46
82 47
262 38
49 300
322 105
389 238
243 382
247 411
420 155
399 233
327 437
168 25
169 288
70 250
334 331
139 316
460 188
115 134
144 355
371 491
234 465
224 332
375 143
487 126
228 165
414 224
338 53
368 312
16 334
188 167
132 224
218 443
335 297
107 248
263 400
437 452
305 289
100 295
210 396
305 249
414 305
22 397
380 479
107 98
421 441
41 266
54 221
34 168
472 322
471 128
110 251
4 61
45 213
308 202
461 74
6 335
313 428
335 233
112 409
346 165
481 231
184 452
52 155
432 14
405 435
426 301
2 459
159 360
145 128
